Index, Current Heading, Target Heading
0, 1.0000, 0.3793, 
1, 1.0000, 0.3793, 
2, 0.9972, 0.3796, 
3, 0.9669, 0.1988, 
4, 0.9145, 0.3780, 
5, 0.8665, 0.3683, 
6, 0.8120, 0.1666, 
7, 0.7424, 0.1423, 
8, 0.6454, 0.3588, 
9, 0.5667, 0.3185, 
10, 0.4818, 0.0234, 
11, 0.3698, 0.1777, 
12, 0.2600, 0.0781, 
13, 0.1612, 0.0005, 
14, 0.0771, 0.1403, 
15, 0.0138, 0.0929, 
16, -0.0433, 0.0373, 
17, -0.0885, 0.2260, 
18, -0.1238, 0.1559, 
19, -0.1459, 0.3334, 
20, -0.1573, 0.3248, 
21, -0.1606, 0.3202, 
22, -0.1527, 0.3197, 
23, -0.1341, 0.2611, 
24, -0.1050, 0.2667, 
25, -0.0689, 0.2779, 
26, -0.0251, 0.2907, 
27, 0.0289, 0.3128, 
28, 0.0988, 0.2795, 
29, 0.1702, 0.3136, 
30, 0.2613, 0.3598, 
31, 0.3512, 0.4140, 
32, 0.4370, 0.3868, 
33, 0.5172, 0.2415, 
34, 0.5870, 0.2804, 
35, 0.6336, 0.3154, 
36, 0.6802, 0.2845, 
37, 0.7189, 0.3135, 
38, 0.7351, 0.3312, 
39, 0.7366, 0.2795, 
40, 0.7242, 0.2826, 
41, 0.6984, 0.2822, 
42, 0.6623, 0.2750, 
43, 0.6188, 0.2650, 
44, 0.5830, 0.2525, 
45, 0.5382, 0.1846, 
46, 0.4809, 0.1631, 
47, 0.4093, 0.1312, 
48, 0.3204, 0.0870, 
49, 0.2252, 0.2391, 
50, 0.1240, 0.1840, 
51, 0.0401, 0.3491, 
52, -0.0558, 0.0325, 
53, -0.1208, 0.1898, 
54, -0.1654, 0.1604, 
55, -0.2005, 0.3465, 
56, -0.2161, 0.3381, 
57, -0.2243, 0.3313, 
58, -0.2241, 0.2615, 
59, -0.2137, 0.2579, 
60, -0.1891, 0.2576, 
61, -0.1466, 0.2632, 
62, -0.0906, 0.2810, 
63, -0.0212, 0.2429, 
64, 0.0395, 0.2613, 
65, 0.0985, 0.2858, 
66, 0.1726, 0.3206, 
67, 0.2463, 0.3614, 
68, 0.3197, 0.4068, 
69, 0.4010, 0.3693, 
70, 0.4688, 0.2233, 
71, 0.5331, 0.2601, 
72, 0.5880, 0.3044, 
73, 0.6378, 0.2826, 
74, 0.6638, 0.3129, 
75, 0.6720, 0.3311, 
76, 0.6686, 0.3429, 
77, 0.6561, 0.2832, 
78, 0.6373, 0.2848, 
79, 0.6108, 0.2840, 
80, 0.5780, 0.2806, 
81, 0.5400, 0.2707, 
82, 0.5003, 0.2599, 
83, 0.4490, 0.2410, 
84, 0.3938, 0.1748, 
85, 0.3297, 0.1448, 
86, 0.2572, 0.1030, 
87, 0.1865, 0.0571, 
88, 0.1290, 0.2263, 
89, 0.0868, 0.1966, 
90, 0.0483, 0.3854, 
91, 0.0175, 0.3597, 
92, -0.0055, 0.2745, 
93, -0.0200, 0.2610, 
94, -0.0286, 0.2485, 
95, -0.0304, 0.2343, 
96, -0.0239, 0.4313, 
97, 0.0065, 0.3553, 
98, 0.0412, 0.3598, 
99, 0.0787, 0.3705, 
100, 0.1160, 0.3835, 
101, 0.1496, 0.3966, 
102, 0.1887, 0.4117, 
103, 0.2403, 0.3599, 
104, 0.2966, 0.3856, 
105, 0.3558, 0.4147, 
106, 0.4142, 0.2476, 
107, 0.4724, 0.2286, 
108, 0.5284, 0.2552, 
109, 0.5709, 0.2831, 
110, 0.6029, 0.3056, 
111, 0.6232, 0.2646, 
112, 0.6327, 0.2733, 
113, 0.6359, 0.2811, 
114, 0.6311, 0.2898, 
115, 0.6127, 0.2943, 
116, 0.5868, 0.2373, 
117, 0.5603, 0.2329, 
118, 0.5305, 0.2258, 
119, 0.4987, 0.2158, 
120, 0.4687, 0.4070, 
121, 0.4289, 0.3986, 
122, 0.3823, 0.3835, 
123, 0.3275, 0.3594, 
124, 0.2668, 0.3314, 
125, 0.2156, 0.2397, 
126, 0.1782, 0.2129, 
127, 0.1423, 0.3822, 
128, 0.1175, 0.3666, 
129, 0.1010, 0.3510, 
130, 0.0898, 0.3362, 
131, 0.0844, 0.3223, 
132, 0.0851, 0.3098, 
133, 0.0935, 0.2390, 
134, 0.1109, 0.2291, 
135, 0.1384, 0.2219, 
136, 0.1775, 0.4250, 
137, 0.2060, 0.4326, 
138, 0.2410, 0.4422, 
139, 0.2779, 0.3755, 
140, 0.3094, 0.3869, 
141, 0.3433, 0.4042, 
142, 0.3786, 0.4237, 
143, 0.4089, 0.2359, 
144, 0.4365, 0.2522, 
145, 0.4594, 0.2152, 
146, 0.4773, 0.2292, 
147, 0.4891, 0.2373, 
148, 0.4964, 0.2487, 
149, 0.4955, 0.2083, 
150, 0.4839, 0.2105, 
151, 0.4654, 0.4100, 
152, 0.4465, 0.4134, 
153, 0.4297, 0.4149, 
154, 0.4075, 0.4150, 
155, 0.3832, 0.3366, 
156, 0.3599, 0.3309, 
157, 0.3336, 0.3235, 
158, 0.3091, 0.3140, 
159, 0.2853, 0.3027, 
160, 0.2607, 0.2905, 
161, 0.2417, 0.2765, 
162, 0.2255, 0.2618, 
163, 0.2129, 0.3792, 
164, 0.2047, 0.3716, 
165, 0.2021, 0.3612, 
166, 0.2059, 0.3541, 
167, 0.2147, 0.3489, 
168, 0.2276, 0.3458, 
169, 0.2459, 0.2799, 
170, 0.2698, 0.2795, 
171, 0.2928, 0.2813, 
172, 0.3170, 0.2852, 
173, 0.3433, 0.2932, 
174, 0.3670, 0.2436, 
175, 0.3889, 0.2498, 
176, 0.4101, 0.2586, 
177, 0.4272, 0.2681, 
178, 0.4400, 0.2773, 
179, 0.4456, 0.2298, 
180, 0.4450, 0.2330, 
181, 0.4391, 0.2340, 
182, 0.4273, 0.2335, 
183, 0.4124, 0.4459, 
184, 0.3918, 0.3677, 
185, 0.3704, 0.3660, 
186, 0.3461, 0.3639, 
187, 0.3229, 0.3598, 
188, 0.2986, 0.3513, 
189, 0.2760, 0.3434, 
190, 0.2537, 0.3342, 
191, 0.2313, 0.2623, 
192, 0.2149, 0.2509, 
193, 0.2014, 0.2356, 
194, 0.1936, 0.2264, 
195, 0.1874, 0.4150, 
196, 0.1855, 0.4102, 
197, 0.1886, 0.4056, 
198, 0.1960, 0.4033, 
199, 0.2090, 0.3267, 
200, 0.2269, 0.3260, 
201, 0.2505, 0.3282, 
202, 0.2772, 0.3338, 
203, 0.3038, 0.3433, 
204, 0.3272, 0.2830, 
205, 0.3541, 0.2925, 
206, 0.3770, 0.3018, 
207, 0.3954, 0.3101, 
208, 0.4125, 0.3224, 
209, 0.4270, 0.2690, 
210, 0.4378, 0.2756, 
211, 0.4463, 0.2838, 
212, 0.4505, 0.2914, 
213, 0.4486, 0.2990, 
214, 0.4413, 0.3038, 
215, 0.4263, 0.2459, 
216, 0.4097, 0.2435, 
217, 0.3934, 0.2382, 
218, 0.3724, 0.2332, 
219, 0.3534, 0.4381, 
220, 0.3323, 0.4349, 
221, 0.3161, 0.3528, 
222, 0.3018, 0.3482, 
223, 0.2859, 0.3435, 
224, 0.2727, 0.3376, 
225, 0.2558, 0.3290, 
226, 0.2445, 0.3222, 
227, 0.2360, 0.3147, 
228, 0.2285, 0.3076, 
229, 0.2240, 0.2975, 
230, 0.2232, 0.2325, 
231, 0.2268, 0.2217, 
232, 0.2351, 0.2138, 
233, 0.2471, 0.4063, 
234, 0.2630, 0.4082, 
235, 0.2838, 0.4155, 
236, 0.3056, 0.3453, 
237, 0.3239, 0.3523, 
238, 0.3415, 0.3610, 
239, 0.3586, 0.3710, 
240, 0.3731, 0.3111, 
241, 0.3848, 0.3193, 
242, 0.3937, 0.3261, 
243, 0.3993, 0.3328, 
244, 0.4018, 0.3393, 
245, 0.4023, 0.2777, 
246, 0.4002, 0.2788, 
247, 0.3956, 0.2789, 
248, 0.3898, 0.2778, 
249, 0.3827, 0.2755, 
250, 0.3735, 0.2191, 
251, 0.3635, 0.2147, 
252, 0.3520, 0.4028, 
253, 0.3383, 0.4023, 
254, 0.3266, 0.4013, 
255, 0.3141, 0.3986, 
256, 0.3022, 0.3961, 
257, 0.2894, 0.3188, 
258, 0.2775, 0.3136, 
259, 0.2681, 0.3076, 
260, 0.2602, 0.2994, 
261, 0.2545, 0.2927, 
262, 0.2513, 0.2842, 
263, 0.2533, 0.2182, 
264, 0.2584, 0.2120, 
265, 0.2663, 0.4032, 
266, 0.2759, 0.4056, 
267, 0.2883, 0.4107, 
268, 0.3027, 0.3411, 
269, 0.3162, 0.3446, 
270, 0.3307, 0.3518, 
271, 0.3437, 0.3574, 
272, 0.3560, 0.3655, 
273, 0.3672, 0.3037, 
274, 0.3753, 0.3079, 
275, 0.3825, 0.3121, 
276, 0.3879, 0.3166, 
277, 0.3921, 0.3209, 
278, 0.3944, 0.2633, 
279, 0.3949, 0.2641, 
280, 0.3935, 0.2644, 
281, 0.3901, 0.2638, 
282, 0.3849, 0.2621, 
283, 0.3784, 0.2602, 
284, 0.3700, 0.2061, 
285, 0.3608, 0.3911, 
286, 0.3488, 0.3911, 
287, 0.3361, 0.3908, 
288, 0.3246, 0.3894, 
289, 0.3134, 0.3872, 
290, 0.3005, 0.3845, 
291, 0.2890, 0.3093, 
292, 0.2772, 0.3038, 
293, 0.2680, 0.2976, 
294, 0.2612, 0.2909, 
295, 0.2568, 0.2841, 
296, 0.2552, 0.2773, 
297, 0.2561, 0.2707, 
298, 0.2596, 0.2123, 
299, 0.2659, 0.2064, 
300, 0.2738, 0.3953, 
301, 0.2838, 0.3969, 
302, 0.2964, 0.4019, 
303, 0.3078, 0.4092, 
304, 0.3169, 0.3379, 
305, 0.3256, 0.3430, 
306, 0.3326, 0.3476, 
307, 0.3381, 0.3514, 
308, 0.3428, 0.3567, 
309, 0.3459, 0.3610, 
310, 0.3488, 0.2960, 
311, 0.3509, 0.2980, 
312, 0.3525, 0.2993, 
313, 0.3537, 0.3009, 
314, 0.3543, 0.3020, 
315, 0.3546, 0.3029, 
316, 0.3543, 0.4246, 
317, 0.3533, 0.4285, 
318, 0.3521, 0.4323, 
319, 0.3503, 0.4361, 
320, 0.3478, 0.4399, 
321, 0.3452, 0.4436, 
322, 0.3423, 0.4481, 
323, 0.3402, 0.3687, 
324, 0.3391, 0.3691, 
325, 0.3394, 0.3695, 
326, 0.3415, 0.3701, 
327, 0.3457, 0.3711, 
328, 0.3512, 0.3721, 
329, 0.3608, 0.4776, 
330, 0.3703, 0.4839, 
331, 0.3809, 0.4912, 
332, 0.3926, 0.4996, 
333, 0.4044, 0.5115, 
334, 0.4158, 0.2518, 
335, 0.4279, 0.2523, 
336, 0.4384, 0.2526, 
337, 0.4488, 0.2527, 
338, 0.4594, 0.2531, 
339, 0.4678, 0.3885, 
340, 0.4729, 0.5613, 
341, 0.4746, 0.5714, 
342, 0.4720, 0.5834, 
343, 0.4657, 0.4073, 
344, 0.4569, 0.3338, 
345, 0.4463, 0.3314, 
346, 0.4342, 0.3286, 
347, 0.4190, 0.3217, 
348, 0.4064, 0.3162, 
349, 0.3927, 0.3077, 
350, 0.3809, 0.2974, 
351, 0.3689, 0.4129, 
352, 0.3599, 0.4092, 
353, 0.3515, 0.4041, 
354, 0.3443, 0.3987, 
355, 0.3379, 0.3947, 
356, 0.3323, 0.3880, 
357, 0.3283, 0.4834, 
358, 0.3264, 0.4831, 
359, 0.3256, 0.4830, 
360, 0.3263, 0.4836, 
361, 0.3286, 0.4845, 
362, 0.3331, 0.4865, 
363, 0.3399, 0.4897, 
364, 0.3491, 0.4927, 
365, 0.3619, 0.5725, 
366, 0.3788, 0.5828, 
367, 0.3974, 0.5927, 
368, 0.4201, 0.6073, 
369, 0.4450, 0.6651, 
370, 0.4675, 0.6788, 
371, 0.4902, 0.6943, 
372, 0.5117, 0.5576, 
373, 0.5335, 0.5729, 
374, 0.5604, 0.5928, 
375, 0.5825, 0.6496, 
376, 0.6080, 0.6688, 
377, 0.6307, 0.6853, 
378, 0.6534, 0.7068, 
379, 0.6731, 0.7252, 
380, 0.6916, 0.7481, 
381, 0.7068, 0.7715, 
382, 0.7174, 0.7910, 
383, 0.7254, 0.8110, 
384, 0.7308, 0.8268, 
385, 0.7348, 1.0612, 
386, 0.7373, 0.8392, 
387, 0.7396, 0.8529, 
388, 0.7411, 0.8637, 
389, 0.7434, 0.9154, 
390, 0.7466, 0.7421, 
391, 0.7515, 0.7472, 
392, 0.7594, 0.7537, 
393, 0.7703, 0.7608, 
394, 0.7827, 0.7686, 
395, 0.7980, 0.7777, 
396, 0.8146, 0.7879, 
397, 0.8312, 0.7965, 
398, 0.8437, 0.8068, 
399, 0.8569, 0.8214, 
400, 0.8690, 0.8331, 
401, 0.8778, 0.8495, 
402, 0.8836, 0.8628, 
403, 0.8870, 0.8801, 
404, 0.8871, 0.8970, 
405, 0.8842, 0.9105, 
406, 0.8791, 0.9266, 
407, 0.8730, 0.7128, 
408, 0.8655, 0.7114, 
409, 0.8579, 0.7086, 
410, 0.8493, 0.7049, 
411, 0.8410, 0.6983, 
412, 0.8345, 0.6074, 
413, 0.8284, 0.5988, 
414, 0.8230, 0.5916, 
415, 0.8176, 0.5839, 
416, 0.8120, 0.5758, 
417, 0.8049, 0.5674, 
418, 0.7951, 0.5561, 
419, 0.7844, 0.5464, 
420, 0.7721, 0.5323, 
421, 0.7568, 0.4297, 
422, 0.7384, 0.4126, 
423, 0.7182, 0.3980, 
424, 0.6957, 0.3822, 
425, 0.6676, 0.3599, 
426, 0.6412, 0.3351, 
427, 0.6107, 0.3078, 
428, 0.5858, 0.2917, 
429, 0.5585, 0.2594, 
430, 0.5289, 0.4446, 
431, 0.5024, 0.4236, 
432, 0.4724, 0.4020, 
433, 0.4432, 0.3080, 
434, 0.4167, 0.2862, 
435, 0.3877, 0.2642, 
436, 0.3621, 0.2411, 
437, 0.3383, 0.2173, 
438, 0.3165, 0.3889, 
439, 0.2977, 0.3713, 
440, 0.2814, 0.3487, 
441, 0.2670, 0.3274, 
442, 0.2570, 0.3109, 
443, 0.2503, 0.2333, 
444, 0.2466, 0.2228, 
445, 0.2445, 0.4020, 
446, 0.2443, 0.3951, 
447, 0.2460, 0.3891, 
448, 0.2490, 0.3841, 
449, 0.2532, 0.3802, 
450, 0.2592, 0.3771, 
451, 0.2664, 0.4781, 
452, 0.2741, 0.4803, 
453, 0.2825, 0.4845, 
454, 0.2920, 0.4886, 
455, 0.3015, 0.4955, 
456, 0.3123, 0.2951, 
457, 0.3240, 0.2382, 
458, 0.3380, 0.2375, 
459, 0.3507, 0.2375, 
460, 0.3633, 0.2382, 
461, 0.3777, 0.2394, 
462, 0.3920, 0.2426, 
463, 0.4042, 0.1978, 
464, 0.4153, 0.3894, 
465, 0.4225, 0.3963, 
466, 0.4254, 0.4054, 
467, 0.4238, 0.5897, 
468, 0.4173, 0.6032, 
469, 0.4079, 0.5129, 
470, 0.3940, 0.3491, 
471, 0.3789, 0.3490, 
472, 0.3633, 0.3473, 
473, 0.3501, 0.3440, 
474, 0.3392, 0.3392, 
475, 0.3302, 0.3335, 
476, 0.3241, 0.3272, 
477, 0.3204, 0.4384, 
478, 0.3197, 0.4369, 
479, 0.3219, 0.4359, 
480, 0.3265, 0.2377, 
481, 0.3335, 0.2318, 
482, 0.3419, 0.4380, 
483, 0.3516, 0.4406, 
484, 0.3642, 0.3639, 
485, 0.3735, 0.3660, 
486, 0.3829, 0.3687, 
487, 0.3910, 0.3720, 
488, 0.3967, 0.3759, 
489, 0.4010, 0.3800, 
490, 0.4038, 0.3126, 
491, 0.4053, 0.3139, 
492, 0.4052, 0.3147, 
493, 0.4041, 0.3153, 
494, 0.4020, 0.3155, 
495, 0.3983, 0.3153, 
496, 0.3938, 0.3144, 
497, 0.3881, 0.3128, 
498, 0.3816, 0.2503, 
499, 0.3745, 0.2459, 
500, 0.3670, 0.2408, 
501, 0.3587, 0.2350, 
502, 0.3515, 0.2282, 
503, 0.3433, 0.4315, 
504, 0.3350, 0.6129, 
505, 0.3266, 0.3509, 
506, 0.3176, 0.3476, 
507, 0.3093, 0.3438, 
508, 0.3029, 0.3408, 
509, 0.2958, 0.3362, 
510, 0.2909, 0.3311, 
511, 0.2874, 0.3272, 
512, 0.2858, 0.3220, 
513, 0.2861, 0.2561, 
514, 0.2884, 0.2506, 
515, 0.2927, 0.2454, 
516, 0.2983, 0.5381, 
517, 0.3046, 0.5447, 
518, 0.3118, 0.5528, 
519, 0.3190, 0.7600, 
520, 0.3249, 0.6339, 
521, 0.3313, 0.6445, 
522, 0.3367, 0.6561, 
523, 0.3433, 0.6683, 
524, 0.3506, 0.6775, 
525, 0.3573, 0.6878, 
526, 0.3679, 0.7023, 
527, 0.3796, 0.7136, 
528, 0.3942, 0.5863, 
529, 0.4138, 0.5976, 
530, 0.4375, 0.6105, 
531, 0.4640, 0.6253, 
532, 0.4956, 0.6418, 
533, 0.5288, 0.6672, 
534, 0.5655, 0.3617, 
535, 0.6245, 0.5969, 
536, 0.6549, 0.6165, 
537, 0.6831, 0.6370, 
538, 0.7045, 0.6595, 
539, 0.7253, 0.6889, 
540, 0.7392, 0.5652, 
541, 0.7480, 0.5805, 
542, 0.7529, 0.5950, 
543, 0.7530, 0.6083, 
544, 0.7492, 0.6173, 
545, 0.7425, 0.6276, 
546, 0.7321, 0.6361, 
547, 0.7203, 0.5079, 
548, 0.7064, 0.5068, 
549, 0.6898, 0.5039, 
550, 0.6728, 0.4021, 
551, 0.6562, 0.3932, 
552, 0.6413, 0.3862, 
553, 0.6264, 0.3745, 
554, 0.6125, 0.3573, 
555, 0.5987, 0.3429, 
556, 0.5874, 0.5386, 
557, 0.5756, 0.5300, 
558, 0.5653, 0.5233, 
559, 0.5537, 0.5135, 
560, 0.5418, 0.6948, 
561, 0.5305, 0.6922, 
562, 0.5168, 0.3875, 
563, 0.5031, 0.6853, 
564, 0.4908, 0.6799, 
565, 0.4788, 0.6760, 
566, 0.4687, 0.6696, 
567, 0.4607, 0.5274, 
568, 0.4553, 0.5204, 
569, 0.4534, 0.5106, 
570, 0.4553, 0.6887, 
571, 0.4606, 0.6875, 
572, 0.4678, 0.6874, 
573, 0.4778, 0.6880, 
574, 0.4880, 0.6901, 
575, 0.5003, 0.6930, 
576, 0.5111, 0.6978, 
577, 0.5238, 0.5652, 
578, 0.5353, 0.2929, 
579, 0.5483, 0.2899, 
580, 0.5615, 0.2873, 
581, 0.5749, 0.2849, 
582, 0.5874, 0.2830, 
583, 0.5993, 0.2813, 
584, 0.6075, 0.6030, 
585, 0.6121, 0.6115, 
586, 0.6137, 0.4916, 
587, 0.6113, 0.4957, 
588, 0.6047, 0.4994, 
589, 0.5945, 0.5024, 
590, 0.5824, 0.6936, 
591, 0.5671, 0.6989, 
592, 0.5491, 0.4000, 
593, 0.5319, 0.3950, 
594, 0.5163, 0.3882, 
595, 0.4998, 0.3767, 
596, 0.4883, 0.3709, 
597, 0.4776, 0.2882, 
598, 0.4693, 0.5549, 
599, 0.4649, 0.5492, 
600, 0.4619, 0.5441, 
601, 0.4605, 0.5393, 
602, 0.4604, 0.5352, 
603, 0.4612, 0.5316, 
604, 0.4624, 0.7233, 
605, 0.4641, 0.7271, 
606, 0.4658, 0.7293, 
607, 0.4676, 0.7333, 
608, 0.4696, 0.5981, 
609, 0.4721, 0.5995, 
610, 0.4748, 0.6001, 
611, 0.4789, 0.6021, 
612, 0.4835, 0.6028, 
613, 0.4894, 0.6046, 
614, 0.4957, 0.6071, 
615, 0.5036, 0.6101, 
616, 0.5146, 0.6136, 
617, 0.5243, 0.6183, 
618, 0.5345, 0.6243, 
619, 0.5440, 0.4969, 
620, 0.5537, 0.4999, 
621, 0.5629, 0.5017, 
622, 0.5706, 0.5062, 
623, 0.5782, 0.5089, 
624, 0.5861, 0.7049, 
625, 0.5928, 0.7145, 
626, 0.5966, 0.7209, 
627, 0.6003, 0.7275, 
628, 0.6032, 0.7412, 
629, 0.6040, 0.6107, 
630, 0.6038, 0.6160, 
631, 0.6030, 0.6193, 
632, 0.6021, 0.6236, 
633, 0.6016, 0.6276, 
634, 0.6017, 0.6311, 
635, 0.6028, 0.6345, 
636, 0.6056, 0.6390, 
637, 0.6093, 0.6425, 
638, 0.6134, 0.6465, 
639, 0.6177, 0.6492, 
640, 0.6233, 0.5188, 
641, 0.6288, 0.5198, 
642, 0.6335, 0.5854, 
643, 0.6389, 0.5878, 
644, 0.6432, 0.5906, 
645, 0.6470, 0.5924, 
646, 0.6502, 0.7203, 
647, 0.6528, 0.7273, 
648, 0.6538, 0.7320, 
649, 0.6539, 0.7391, 
650, 0.6530, 0.7439, 
651, 0.6512, 0.6085, 
652, 0.6490, 0.6101, 
653, 0.6461, 0.6119, 
654, 0.6437, 0.6131, 
655, 0.6417, 0.6137, 
656, 0.6405, 0.6140, 
657, 0.6403, 0.6141, 
658, 0.6408, 0.6142, 
659, 0.6425, 0.6143, 
660, 0.6446, 0.6146, 
661, 0.6471, 0.6152, 
662, 0.6498, 0.4863, 
663, 0.6524, 0.4840, 
664, 0.6546, 0.6680, 
665, 0.6560, 0.6705, 
666, 0.6567, 0.6732, 
667, 0.6565, 0.6759, 
668, 0.6554, 0.6787, 
669, 0.6534, 0.6807, 
670, 0.6502, 0.6833, 
671, 0.6465, 0.6856, 
672, 0.6425, 0.6874, 
673, 0.6383, 0.5510, 
674, 0.6337, 0.5485, 
675, 0.6306, 0.5451, 
676, 0.6277, 0.5416, 
677, 0.6259, 0.5376, 
678, 0.6254, 0.7193, 
679, 0.6257, 0.7201, 
680, 0.6264, 0.7213, 
681, 0.6274, 0.7229, 
682, 0.6284, 0.7249, 
683, 0.6293, 0.7282, 
684, 0.6301, 0.5897, 
685, 0.6308, 0.5887, 
686, 0.6317, 0.5876, 
687, 0.6327, 0.5864, 
688, 0.6340, 0.5851, 
689, 0.6355, 0.5839, 
690, 0.6368, 0.5830, 
691, 0.6384, 0.5819, 
692, 0.6400, 0.5811, 
693, 0.6413, 0.5802, 
694, 0.6423, 0.5794, 
695, 0.6426, 0.7805, 
696, 0.6423, 0.7842, 
697, 0.6412, 0.7878, 
698, 0.6395, 0.7917, 
699, 0.6370, 0.7954, 
700, 0.6341, 0.7991, 
701, 0.6313, 0.8025, 
702, 0.6290, 0.8058, 
703, 0.6277, 0.8089, 
704, 0.6279, 0.8120, 
705, 0.6297, 0.8139, 
706, 0.6334, 0.8171, 
707, 0.6387, 0.6757, 
708, 0.6471, 0.6758, 
709, 0.6583, 0.6774, 
710, 0.6707, 0.6791, 
711, 0.6815, 0.8299, 
712, 0.6939, 0.8334, 
713, 0.7057, 0.8406, 
714, 0.7162, 0.8454, 
715, 0.7275, 0.8539, 
716, 0.7363, 0.8638, 
717, 0.7446, 0.8702, 
718, 0.7525, 0.8805, 
719, 0.7587, 0.7260, 
720, 0.7642, 0.7311, 
721, 0.7693, 0.7521, 
722, 0.7738, 0.7582, 
723, 0.7779, 0.7639, 
724, 0.7820, 0.7695, 
725, 0.7863, 0.7770, 
726, 0.7894, 0.7806, 
727, 0.7936, 0.7860, 
728, 0.7970, 0.5967, 
729, 0.8007, 0.7944, 
730, 0.8034, 0.7989, 
731, 0.8065, 0.8032, 
732, 0.8086, 0.8076, 
733, 0.8100, 0.8120, 
734, 0.8105, 0.8165, 
735, 0.8103, 0.8209, 
736, 0.8096, 0.8251, 
737, 0.8084, 0.8279, 
738, 0.8068, 0.8317, 
739, 0.8052, 0.8353, 
740, 0.8034, 0.8376, 
741, 0.8016, 0.8417, 
742, 0.8003, 0.8446, 
743, 0.7996, 0.8474, 
744, 0.7996, 0.8501, 
745, 0.8003, 0.8530, 
746, 0.8021, 0.8570, 
747, 0.8046, 0.8602, 
748, 0.8072, 0.8640, 
749, 0.8108, 0.8679, 
750, 0.8152, 0.8725, 
751, 0.8191, 0.8488, 
752, 0.8236, 0.8520, 
753, 0.8287, 0.8554, 
754, 0.8334, 0.8608, 
755, 0.8378, 0.8651, 
756, 0.8423, 1.0063, 
757, 0.8459, 1.0137, 
758, 0.8487, 1.0187, 
759, 0.8515, 1.0265, 
760, 0.8546, 1.0347, 
761, 0.8569, 1.0402, 
762, 0.8597, 1.0486, 
763, 0.8634, 0.9041, 
764, 0.8685, 0.9122, 
765, 0.8735, 0.9159, 
766, 0.8807, 0.9250, 
767, 0.8897, 0.9319, 
768, 0.8981, 0.9407, 
769, 0.9089, 0.9547, 
770, 0.9205, 1.0345, 
771, 0.9314, 1.0432, 
772, 0.9419, 1.0523, 
773, 0.9517, 1.0625, 
774, 0.9604, 1.0774, 
775, 0.9676, 1.0888, 
776, 0.9754, 1.1005, 
777, 0.9818, 1.1170, 
778, 0.9859, 1.1294, 
779, 0.9900, 1.1423, 
780, 0.9947, 1.1598, 
781, 0.9996, 1.1727, 
782, 1.0052, 1.1912, 
783, 1.0102, 1.2060, 
784, 1.0180, 1.2204, 
785, 1.0266, 1.2424, 
786, 1.0375, 1.2664, 
787, 1.0482, 1.2862, 
788, 1.0625, 1.3154, 
789, 1.0755, 1.3391, 
790, 1.0914, 1.3652, 
791, 1.1064, 1.4065, 
792, 1.1240, 1.4384, 
793, 1.1391, 1.0674, 
794, 1.1571, 1.0791, 
795, 1.1742, 1.0878, 
796, 1.1904, 1.0976, 
797, 1.2070, 1.1076, 
798, 1.2220, 1.1188, 
799, 1.2351, 1.1259, 
800, 1.2482, 1.1382, 
801, 1.2589, 1.1517, 
802, 1.2680, 1.1603, 
803, 1.2751, 1.1795, 
804, 1.2785, 1.1935, 
805, 1.2788, 1.2075, 
806, 1.2758, 1.0857, 
807, 1.2700, 1.0908, 
808, 1.2608, 1.0954, 
809, 1.2524, 0.7558, 
810, 1.2418, 1.0983, 
811, 1.2317, 0.7391, 
812, 1.2213, 0.7300, 
813, 1.2100, 0.7204, 
814, 1.2006, 0.7093, 
815, 1.1891, 0.6980, 
816, 1.1771, 0.6809, 
817, 1.1636, 0.6676, 
818, 1.1505, 0.6536, 
819, 1.1350, 0.6385, 
820, 1.1178, 0.6228, 
821, 1.1004, 0.7762, 
822, 1.0798, 0.7580, 
823, 1.0538, 0.7379, 
824, 1.0291, 0.7251, 
825, 1.0030, 0.7010, 
826, 0.9781, 0.6728, 
827, 0.9504, 0.6433, 
828, 0.9226, 0.6244, 
829, 0.8955, 0.5891, 
830, 0.8624, 0.5383, 
831, 0.8362, 0.4990, 
832, 0.8110, 0.4568, 
833, 0.7910, 0.4134, 
834, 0.7703, 0.2043, 
835, 0.7517, 0.2297, 
836, 0.7346, 0.1949, 
837, 0.7205, 0.5908, 
838, 0.7046, 0.5583, 
839, 0.6881, 0.5133, 
840, 0.6726, 0.4926, 
841, 0.6546, 0.4590, 
842, 0.6398, 0.2270, 
843, 0.6231, 0.2768, 
844, 0.6043, 0.1870, 
845, 0.5831, 0.1714, 
846, 0.5658, 0.1439, 
847, 0.5412, 0.1177, 
848, 0.5199, 0.0891, 
849, 0.4989, 0.0607, 
850, 0.4771, 0.0427, 
851, 0.4568, 0.0123, 
852, 0.4320, -0.0286, 
853, 0.4135, -0.0481, 
854, 0.3930, -0.0788, 
855, 0.3692, -0.1103, 
856, 0.3477, -0.1418, 
857, 0.3237, -0.1745, 
858, 0.2993, -0.2068, 
859, 0.2734, -0.2406, 
860, 0.2436, -0.2734, 
861, 0.2156, -0.0087, 
862, 0.1852, -0.0547, 
863, 0.1564, -0.0888, 
864, 0.1262, -0.1251, 
865, 0.1045, -0.0895, 
866, 0.0780, -0.1030, 
867, 0.0566, -0.1591, 
868, 0.0296, -0.1406, 
869, 0.0088, -0.1657, 
870, -0.0122, -0.1810, 
871, -0.0359, -0.2051, 
872, -0.0550, -0.2306, 
873, -0.0715, -0.2465, 
874, -0.0885, -0.2707, 
875, -0.1010, -0.2958, 
876, -0.1113, -0.3115, 
877, -0.1228, -0.3347, 
878, -0.1316, -0.3584, 
879, -0.1407, -0.3806, 
880, -0.1505, -0.4030, 
881, -0.1585, -0.4173, 
882, -0.1676, -0.4390, 
883, -0.1796, -0.3683, 
884, -0.1900, -0.4755, 
885, -0.2033, -0.3949, 
886, -0.2178, -0.5214, 
887, -0.2334, -0.5362, 
888, -0.2486, -0.1749, 
889, -0.2649, -0.1864, 
890, -0.2775, -0.1939, 
891, -0.2938, -0.2010, 
892, -0.3091, -0.2136, 
893, -0.3263, -0.2212, 
894, -0.3392, -0.2354, 
895, -0.3519, -0.2442, 
896, -0.3644, -0.2585, 
897, -0.3740, -0.2735, 
898, -0.3798, -0.2831, 
899, -0.3835, -0.2976, 
900, -0.3843, -0.0442, 
901, -0.3825, -0.0491, 
902, -0.3790, -0.0518, 
903, -0.3731, -0.0545, 
904, -0.3669, -0.0554, 
905, -0.3597, -0.2794, 
906, -0.3514, -0.2836, 
907, -0.3430, -0.2863, 
908, -0.3333, -0.2888, 
909, -0.3241, -0.2904, 
910, -0.3131, -0.2915, 
911, -0.3038, -0.2922, 
912, -0.2948, -0.2912, 
913, -0.2858, -0.2908, 
914, -0.2782, -0.2883, 
915, -0.2705, -0.2869, 
916, -0.2654, -0.2830, 
917, -0.2611, -0.2807, 
918, -0.2582, -0.2780, 
919, -0.2558, -0.2738, 
920, -0.2548, -0.2696, 
921, -0.2548, -0.1612, 
922, -0.2555, -0.1581, 
923, -0.2568, -0.1539, 
924, -0.2585, -0.1498, 
925, -0.2600, -0.1472, 
926, -0.2615, -0.1437, 
927, -0.2625, -0.1414, 
928, -0.2627, -0.1382, 
929, -0.2618, -0.1362, 
930, -0.2596, -0.1330, 
931, -0.2566, -0.1294, 
932, -0.2525, -0.1270, 
933, -0.2472, -0.1225, 
934, -0.2396, -0.1174, 
935, -0.2335, -0.1136, 
936, -0.2256, -0.1096, 
937, -0.2175, -0.1020, 
938, -0.2077, -0.0932, 
939, -0.1996, -0.0832, 
940, -0.1914, -0.0765, 
941, -0.1842, -0.0640, 
942, -0.1774, -0.0558, 
943, -0.1710, -0.0281, 
944, -0.1641, -0.0193, 
945, -0.1585, -0.0098, 
946, -0.1536, -0.0036, 
947, -0.1479, -0.2115, 
948, -0.1424, -0.2070, 
949, -0.1366, -0.2024, 
950, -0.1302, -0.1998, 
951, -0.1245, -0.1952, 
952, -0.1182, -0.1925, 
953, -0.1118, -0.1875, 
954, -0.1059, -0.1823, 
955, -0.1001, -0.1789, 
956, -0.0958, -0.1727, 
957, -0.0895, -0.1601, 
958, -0.0889, -0.1538, 
959, -0.0895, -0.1497, 
960, -0.0913, -0.1439, 
961, -0.0945, -0.1386, 
962, -0.0988, -0.1339, 
963, -0.1040, -0.0782, 
964, -0.1097, -0.0750, 
965, -0.1153, -0.0725, 
966, -0.1218, -0.0703, 
967, -0.1267, -0.0690, 
968, -0.1310, -0.0680, 
969, -0.1351, -0.0672, 
970, -0.1381, -0.0667, 
971, -0.1394, -0.0663, 
972, -0.1397, -0.0661, 
973, -0.1386, -0.0656, 
974, -0.1365, -0.0647, 
975, -0.1325, -0.0634, 
976, -0.1281, -0.0613, 
977, -0.1229, -0.0599, 
978, -0.1165, -0.0549, 
979, -0.1107, -0.0525, 
980, -0.1051, -0.0475, 
981, -0.1001, -0.0413, 
982, -0.0952, -0.0373, 
983, -0.0903, -0.0180, 
984, -0.0865, -0.0129, 
985, -0.0831, -0.0078, 
986, -0.0795, -0.0025, 
987, -0.0769, -0.2165, 
988, -0.0740, -0.2165, 
989, -0.0721, -0.2168, 
990, -0.0697, -0.2172, 
991, -0.0670, -0.2179, 
992, -0.0649, -0.2186, 
993, -0.0625, -0.2194, 
994, -0.0609, -0.2201, 
995, -0.0600, -0.2208, 
996, -0.0603, -0.2215, 
997, -0.0620, -0.2225, 
998, -0.0652, -0.2230, 
999, -0.0699, -0.2246, 
1000, -0.0762, -0.2271, 
1001, -0.0844, -0.2304, 
1002, -0.0941, -0.1422, 
1003, -0.1040, -0.1438, 
1004, -0.1160, -0.1460, 
1005, -0.1274, -0.1491, 
1006, -0.1391, -0.1531, 
1007, -0.1509, -0.1576, 
1008, -0.1604, -0.1633, 
1009, -0.1704, -0.1692, 
1010, -0.1779, -0.1760, 
1011, -0.1841, -0.1859, 
1012, -0.1877, -0.1906, 
1013, -0.1904, -0.1980, 
1014, -0.1916, -0.1620, 
1015, -0.1918, -0.2127, 
1016, -0.1910, -0.2196, 
1017, -0.1898, -0.2241, 
1018, -0.1881, -0.2303, 
1019, -0.1864, -0.2362, 
1020, -0.1846, -0.1471, 
1021, -0.1837, -0.1478, 
1022, -0.1835, -0.1488, 
1023, -0.1842, -0.1494, 
1024, -0.1859, -0.1499, 
1025, -0.1882, -0.1506, 
1026, -0.1911, -0.1515, 
1027, -0.1941, -0.1526, 
1028, -0.1972, -0.1540, 
1029, -0.2001, -0.1557, 
1030, -0.2021, -0.1577, 
1031, -0.2036, -0.1606, 
1032, -0.2038, -0.1628, 
1033, -0.2029, -0.1651, 
1034, -0.2011, -0.1670, 
1035, -0.1988, -0.1687, 
1036, -0.1967, -0.1695, 
1037, -0.1936, -0.1704, 
1038, -0.1895, -0.1030, 
1039, -0.1857, -0.1013, 
1040, -0.1818, -0.0992, 
1041, -0.1783, -0.0967, 
1042, -0.1750, -0.0950, 
1043, -0.1722, -0.0919, 
1044, -0.1696, -0.0885, 
1045, -0.1669, -0.0852, 
1046, -0.1649, -0.0814, 
1047, -0.1628, -0.0791, 
1048, -0.1602, -0.0754, 
1049, -0.1572, -0.0714, 
1050, -0.1541, -0.0673, 
1051, -0.1508, -0.0626, 
1052, -0.1467, -0.0578, 
1053, -0.1422, -0.0547, 
1054, -0.1367, -0.0490, 
1055, -0.1305, -0.0400, 
1056, -0.1244, -0.0328, 
1057, -0.1184, -0.0146, 
1058, -0.1126, -0.0111, 
1059, -0.1065, -0.0053, 
1060, -0.1009, -0.0014, 
1061, -0.0961, -0.2088, 
1062, -0.0899, -0.2072, 
1063, -0.0844, -0.2064, 
1064, -0.0788, -0.2045, 
1065, -0.0726, -0.2028, 
1066, -0.0676, -0.2008, 
1067, -0.0628, -0.1988, 
1068, -0.0595, -0.1964, 
1069, -0.0575, -0.1941, 
1070, -0.0572, -0.1918, 
1071, -0.0589, -0.1896, 
1072, -0.0622, -0.1879, 
1073, -0.0675, -0.1867, 
1074, -0.0739, -0.1866, 
1075, -0.0826, -0.1871, 
1076, -0.0904, -0.1144, 
1077, -0.0995, -0.1148, 
1078, -0.1102, -0.1158, 
1079, -0.1195, -0.1176, 
1080, -0.1292, -0.1201, 
1081, -0.1363, -0.1219, 
1082, -0.1440, -0.1255, 
1083, -0.1498, -0.1297, 
1084, -0.1545, -0.1324, 
1085, -0.1579, -0.1370, 
1086, -0.1598, -0.1418, 
1087, -0.1605, -0.1462, 
1088, -0.1600, -0.1506, 
1089, -0.1587, -0.1533, 
1090, -0.1567, -0.1568, 
1091, -0.1544, -0.1600, 
1092, -0.1515, -0.1627, 
1093, -0.1493, -0.1648, 
1094, -0.1475, -0.1665, 
1095, -0.1460, -0.1011, 
1096, -0.1453, -0.1004, 
1097, -0.1453, -0.0996, 
1098, -0.1460, -0.0987, 
1099, -0.1473, -0.0979, 
1100, -0.1488, -0.0974, 
1101, -0.1506, -0.0968, 
1102, -0.1523, -0.0965, 
1103, -0.1536, -0.0964, 
1104, -0.1542, -0.0965, 
1105, -0.1543, -0.0966, 
1106, -0.1538, -0.0967, 
1107, -0.1525, -0.0968, 
1108, -0.1505, -0.0966, 
1109, -0.1477, -0.0965, 
1110, -0.1436, -0.0952, 
1111, -0.1402, -0.0944, 
1112, -0.1365, -0.0934, 
1113, -0.1314, -0.0898, 
1114, -0.1270, -0.0880, 
1115, -0.1226, -0.0501, 
1116, -0.1190, -0.0466, 
1117, -0.1150, -0.0430, 
1118, -0.1124, -0.0389, 
1119, -0.1095, -0.0348, 
1120, -0.1072, -0.0321, 
1121, -0.1050, -0.0276, 
1122, -0.1030, -0.0232, 
1123, -0.1008, -0.0186, 
1124, -0.0984, -0.0157, 
1125, -0.0951, -0.0092, 
1126, -0.0919, -0.0061, 
1127, -0.0884, -0.0009, 
1128, -0.0845, -0.2689, 
1129, -0.0812, -0.2707, 
1130, -0.0766, -0.2728, 
1131, -0.0716, -0.2753, 
1132, -0.0662, -0.2778, 
1133, -0.0618, -0.2796, 
1134, -0.0578, -0.2812, 
1135, -0.0548, -0.1713, 
1136, -0.0532, -0.1696, 
1137, -0.0538, -0.1679, 
1138, -0.0567, -0.1666, 
1139, -0.0614, -0.1652, 
1140, -0.0678, -0.1643, 
1141, -0.0776, -0.1640, 
1142, -0.0877, -0.1652, 
1143, -0.0966, -0.3873, 
1144, -0.1093, -0.3954, 
1145, -0.1190, -0.4014, 
1146, -0.1287, -0.4126, 
1147, -0.1377, -0.4201, 
1148, -0.1455, -0.4329, 
1149, -0.1531, -0.4466, 
1150, -0.1608, -0.4604, 
1151, -0.1678, -0.4750, 
1152, -0.1752, -0.4843, 
1153, -0.1822, -0.4995, 
1154, -0.1908, -0.5093, 
1155, -0.1994, -0.3345, 
1156, -0.2081, -0.5081, 
1157, -0.2207, -0.5144, 
1158, -0.2328, -0.5211, 
1159, -0.2470, -0.5324, 
1160, -0.2631, -0.5397, 
1161, -0.2788, -0.5531, 
1162, -0.2963, -0.6838, 
1163, -0.3160, -0.7029, 
1164, -0.3333, -0.7244, 
1165, -0.3511, -0.7461, 
1166, -0.3682, -0.5222, 
1167, -0.3824, -0.5307, 
1168, -0.3963, -0.5394, 
1169, -0.4111, -0.6664, 
1170, -0.4262, -0.6856, 
1171, -0.4410, -0.6975, 
1172, -0.4572, -0.7166, 
1173, -0.4711, -0.7293, 
1174, -0.4849, -0.7505, 
1175, -0.5008, -0.7713, 
1176, -0.5157, -0.5369, 
1177, -0.5299, -0.5493, 
1178, -0.5446, -0.5568, 
1179, -0.5556, -0.5649, 
1180, -0.5665, -0.5730, 
1181, -0.5802, -0.5855, 
1182, -0.5938, -0.5987, 
1183, -0.6035, -0.6073, 
1184, -0.6125, -0.6160, 
1185, -0.6238, -0.6244, 
1186, -0.6319, -0.6708, 
1187, -0.6380, -0.6472, 
1188, -0.6426, -0.6563, 
1189, -0.6471, -0.6699, 
1190, -0.6501, -0.6785, 
1191, -0.6524, -0.6910, 
1192, -0.6537, -0.6990, 
1193, -0.6548, -0.5842, 
1194, -0.6557, -0.5886, 
1195, -0.6568, -0.5948, 
1196, -0.6584, -0.6006, 
1197, -0.6608, -0.6059, 
1198, -0.6635, -0.6092, 
1199, -0.6663, -0.6146, 
1200, -0.6690, -0.6181, 
1201, -0.6723, -0.6235, 
1202, -0.6756, -0.6292, 
1203, -0.6775, -0.6331, 
1204, -0.6789, -0.6391, 
1205, -0.6794, -0.6452, 
1206, -0.6792, -0.6492, 
1207, -0.6782, -0.6531, 
1208, -0.6764, -0.6586, 
1209, -0.6739, -0.6623, 
1210, -0.6713, -0.6671, 
1211, -0.6679, -0.6703, 
1212, -0.6646, -0.6741, 
1213, -0.6621, -0.6765, 
1214, -0.6596, -0.5213, 
1215, -0.6573, -0.5189, 
1216, -0.6560, -0.5170, 
1217, -0.6553, -0.5137, 
1218, -0.6550, -0.5103, 
1219, -0.6552, -0.5079, 
1220, -0.6554, -0.5043, 
1221, -0.6553, -0.5009, 
1222, -0.6543, -0.4975, 
1223, -0.6526, -0.4953, 
1224, -0.6494, -0.4918, 
1225, -0.6450, -0.4875, 
1226, -0.6404, -0.4844, 
1227, -0.6337, -0.4813, 
1228, -0.6253, -0.4747, 
1229, -0.6167, -0.4648, 
1230, -0.6071, -0.4618, 
1231, -0.5981, -0.4555, 
1232, -0.5888, -0.4513, 
1233, -0.5806, -0.4430, 
1234, -0.5722, -0.4375, 
1235, -0.5631, -0.4319, 
1236, -0.5541, -0.4221, 
1237, -0.5460, -0.4156, 
1238, -0.5389, -0.4042, 
1239, -0.5326, -0.3968, 
1240, -0.5248, -0.3852, 
1241, -0.5186, -0.3774, 
1242, -0.5130, -0.3644, 
1243, -0.5070, -0.3561, 
1244, -0.5008, -0.3476, 
1245, -0.4934, -0.3341, 
1246, -0.4867, -0.3193, 
1247, -0.4784, -0.3100, 
1248, -0.4705, -0.3654, 
1249, -0.4619, -0.3569, 
1250, -0.4519, -0.3485, 
1251, -0.4426, -0.3430, 
1252, -0.4333, -0.3333, 
1253, -0.4237, -0.3273, 
1254, -0.4150, -0.3171, 
1255, -0.4045, -0.3063, 
1256, -0.3955, -0.2993, 
1257, -0.3897, -0.4889, 
1258, -0.3827, -0.4848, 
1259, -0.3756, -0.2717, 
1260, -0.3681, -0.2590, 
1261, -0.3631, -0.2505, 
1262, -0.3577, -0.4627, 
1263, -0.3534, -0.4583, 
1264, -0.3492, -0.4516, 
1265, -0.3453, -0.4474, 
1266, -0.3422, -0.4408, 
1267, -0.3391, -0.4369, 
1268, -0.3367, -0.4311, 
1269, -0.3352, -0.4273, 
1270, -0.3342, -0.4214, 
1271, -0.3338, -0.4177, 
1272, -0.3342, -0.4124, 
1273, -0.3354, -0.4072, 
1274, -0.3373, -0.4038, 
1275, -0.3403, -0.4258, 
1276, -0.3439, -0.4241, 
1277, -0.3472, -0.4232, 
1278, -0.3514, -0.4223, 
1279, -0.3560, -0.4217, 
1280, -0.3603, -0.4217, 
1281, -0.3640, -0.4219, 
1282, -0.3678, -0.4221, 
1283, -0.3708, -0.4232, 
1284, -0.3744, -0.4238, 
1285, -0.3773, -0.4246, 
1286, -0.3795, -0.4257, 
1287, -0.3820, -0.4267, 
1288, -0.3847, -0.4287, 
1289, -0.3869, -0.4299, 
1290, -0.3892, -0.4312, 
1291, -0.3912, -0.4326, 
1292, -0.3938, -0.4349, 
1293, -0.3963, -0.4363, 
1294, -0.3990, -0.4390, 
1295, -0.4016, -0.1687, 
1296, -0.4041, -0.1645, 
1297, -0.4067, -0.4458, 
1298, -0.4093, -0.4479, 
1299, -0.4118, -0.4566, 
1300, -0.4138, -0.2813, 
1301, -0.4151, -0.2806, 
1302, -0.4158, -0.2798, 
1303, -0.4158, -0.2792, 
1304, -0.4149, -0.2781, 
1305, -0.4134, -0.2772, 
1306, -0.4112, -0.4724, 
1307, -0.4078, -0.2743, 
1308, -0.4039, -0.2717, 
1309, -0.3997, -0.4793, 
1310, -0.3947, -0.4812, 
1311, -0.3903, -0.3958, 
1312, -0.3847, -0.3950, 
1313, -0.3806, -0.4846, 
1314, -0.3763, -0.4852, 
1315, -0.3723, -0.4856, 
1316, -0.3688, -0.4859, 
1317, -0.3662, -0.4856, 
1318, -0.3648, -0.4855, 
1319, -0.3642, -0.4853, 
1320, -0.3647, -0.4851, 
1321, -0.3661, -0.4850, 
1322, -0.3686, -0.4856, 
1323, -0.3729, -0.4859, 
1324, -0.3767, -0.3065, 
1325, -0.3821, -0.3042, 
1326, -0.3877, -0.4799, 
1327, -0.3934, -0.4824, 
1328, -0.3987, -0.4842, 
1329, -0.4040, -0.4862, 
1330, -0.4088, -0.4901, 
1331, -0.4124, -0.4929, 
1332, -0.4154, -0.4959, 
1333, -0.4180, -0.5009, 
1334, -0.4199, -0.3876, 
1335, -0.4214, -0.3895, 
1336, -0.4230, -0.2421, 
1337, -0.4245, -0.2403, 
1338, -0.4265, -0.2387, 
1339, -0.4282, -0.2371, 
1340, -0.4304, -0.2345, 
1341, -0.4323, -0.2326, 
1342, -0.4340, -0.2309, 
1343, -0.4352, -0.2292, 
1344, -0.4358, -0.2276, 
1345, -0.4353, -0.2262, 
1346, -0.4336, -0.2248, 
1347, -0.4304, -0.2234, 
1348, -0.4266, -0.2217, 
1349, -0.4208, -0.1769, 
1350, -0.4136, -0.1745, 
1351, -0.4047, -0.1697, 
1352, -0.3950, -0.1664, 
1353, -0.3864, -0.1622, 
1354, -0.3759, -0.1542, 
1355, -0.3664, -0.1487, 
1356, -0.3567, -0.1428, 
1357, -0.3483, -0.1362, 
1358, -0.3393, -0.1292, 
1359, -0.3297, -0.1176, 
1360, -0.3210, -0.1098, 
1361, -0.3133, -0.1016, 
1362, -0.3057, -0.0930, 
1363, -0.2980, -0.0842, 
1364, -0.2903, -0.0751, 
1365, -0.2824, -0.0657, 
1366, -0.2719, -0.0565, 
1367, -0.2625, -0.0404, 
1368, -0.2549, -0.0361, 
1369, -0.2460, -0.0253, 
1370, -0.2351, -0.0073, 
1371, -0.2265, 0.0049, 
1372, -0.2171, 0.0175, 
1373, -0.2075, 0.0307, 
1374, -0.1980, 0.0445, 
1375, -0.1884, 0.0589, 
1376, -0.1781, 0.0737, 
1377, -0.1674, 0.0890, 
1378, -0.1578, 0.1052, 
1379, -0.1475, 0.2687, 
1380, -0.1367, 0.2801, 
1381, -0.1263, 0.2982, 
1382, -0.1133, 0.3097, 
1383, -0.1024, 0.3219, 
1384, -0.0907, 0.3415, 
1385, -0.0798, 0.1866, 
1386, -0.0660, 0.3667, 
1387, -0.0511, 0.3794, 
1388, -0.0368, 0.2403, 
1389, -0.0210, 0.2564, 
1390, -0.0051, 0.2732, 
1391, 0.0135, 0.2902, 
1392, 0.0314, 0.5420, 
1393, 0.0489, 0.4800, 
1394, 0.0684, 0.4953, 
1395, 0.0863, 0.5113, 
1396, 0.1051, 0.5372, 
1397, 0.1233, 0.5541, 
1398, 0.1421, 0.5818, 
1399, 0.1594, 0.5993, 
1400, 0.1765, 0.6271, 
1401, 0.1896, 0.6457, 
1402, 0.2070, 0.6636, 
1403, 0.2218, 0.6822, 
1404, 0.2382, 0.7007, 
1405, 0.2572, 0.5786, 
1406, 0.2757, 0.6022, 
1407, 0.2962, 0.6166, 
1408, 0.3139, 0.6318, 
1409, 0.3335, 0.6471, 
1410, 0.3540, 0.6625, 
1411, 0.3761, 0.6876, 
1412, 0.3943, 0.7043, 
1413, 0.4157, 0.7208, 
1414, 0.4343, 0.7381, 
1415, 0.4526, 0.7666, 
1416, 0.4713, 0.7842, 
1417, 0.4859, 0.8026, 
1418, 0.5009, 0.8210, 
1419, 0.5168, 0.8492, 
1420, 0.5310, 0.8674, 
1421, 0.5459, 0.8854, 
1422, 0.5616, 0.9139, 
1423, 0.5766, 0.9318, 
1424, 0.5934, 0.9593, 
1425, 0.6092, 0.9772, 
1426, 0.6296, 1.0056, 
1427, 0.6456, 0.8269, 
1428, 0.6664, 0.8485, 
1429, 0.6849, 0.8721, 
1430, 0.7005, 0.8873, 
1431, 0.7177, 0.9026, 
1432, 0.7336, 0.9186, 
1433, 0.7524, 0.9343, 
1434, 0.7693, 0.9508, 
1435, 0.7837, 0.9681, 
1436, 0.7999, 0.9953, 
1437, 0.8124, 1.0136, 
1438, 0.8281, 0.6922, 
1439, 0.8382, 0.7019, 
1440, 0.8493, 0.7111, 
1441, 0.8611, 0.7248, 
1442, 0.8695, 0.7336, 
1443, 0.8782, 0.7419, 
1444, 0.8860, 0.9327, 
1445, 0.8925, 0.9454, 
1446, 0.8983, 0.9582, 
1447, 0.9024, 0.9779, 
1448, 0.9056, 0.7914, 
1449, 0.9074, 0.9416, 
1450, 0.9082, 0.9544, 
1451, 0.9084, 0.9624, 
1452, 0.9081, 0.9700, 
1453, 0.9078, 0.9807, 
1454, 0.9077, 0.8238, 
1455, 0.9081, 0.8290, 
1456, 0.9093, 0.8321, 
1457, 0.9112, 0.8364, 
1458, 0.9132, 0.8377, 
1459, 0.9155, 0.8405, 
1460, 0.9185, 0.8433, 
1461, 0.9212, 1.0360, 
1462, 0.9242, 0.8493, 
1463, 0.9264, 0.8527, 
1464, 0.9282, 0.8563, 
1465, 0.9294, 0.7071, 
1466, 0.9298, 0.8639, 
1467, 0.9293, 0.8677, 
1468, 0.9282, 0.8714, 
1469, 0.9261, 0.8764, 
1470, 0.9237, 1.0166, 
1471, 0.9208, 1.0211, 
1472, 0.9176, 1.0255, 
1473, 0.9152, 1.0295, 
1474, 0.9117, 1.0335, 
1475, 0.9088, 1.0389, 
1476, 0.9067, 1.0423, 
1477, 0.9053, 1.0455, 
1478, 0.9047, 1.0486, 
1479, 0.9052, 0.8597, 
1480, 0.9065, 0.8592, 
1481, 0.9091, 0.8586, 
1482, 0.9125, 0.8582, 
1483, 0.9167, 0.8579, 
1484, 0.9219, 0.7026, 
1485, 0.9271, 0.7005, 
1486, 0.9324, 0.6987, 
1487, 0.9364, 0.8407, 
1488, 0.9395, 0.8419, 
1489, 0.9416, 0.8442, 
1490, 0.9422, 1.0105, 
1491, 0.9416, 1.0153, 
1492, 0.9398, 1.0200, 
1493, 0.9367, 1.0247, 
1494, 0.9322, 0.8512, 
1495, 0.9271, 0.8521, 
1496, 0.9216, 0.8523, 
1497, 0.9175, 0.8525, 
1498, 0.9135, 1.0409, 
1499, 0.9095, 0.8500, 
1500, 0.9073, 0.8478, 
1501, 0.9065, 0.6975, 
1502, 0.9065, 0.6931, 
1503, 0.9074, 0.6887, 
1504, 0.9087, 0.6845, 
1505, 0.9101, 0.6824, 
1506, 0.9119, 0.9746, 
1507, 0.9132, 0.9757, 
1508, 0.9135, 0.9773, 
1509, 0.9120, 0.9805, 
1510, 0.9092, 0.9831, 
1511, 0.9054, 0.9848, 
1512, 0.9002, 0.9874, 
1513, 0.8941, 0.9900, 
1514, 0.8878, 0.9913, 
1515, 0.8825, 0.8162, 
1516, 0.8764, 0.8138, 
1517, 0.8722, 0.8106, 
1518, 0.8694, 0.8068, 
1519, 0.8683, 0.9889, 
1520, 0.8689, 0.9874, 
1521, 0.8710, 0.9861, 
1522, 0.8743, 0.7874, 
1523, 0.8782, 0.7841, 
1524, 0.8812, 0.9277, 
1525, 0.8837, 0.9276, 
1526, 0.8868, 0.9280, 
1527, 0.8896, 0.9289, 
1528, 0.8913, 0.9302, 
1529, 0.8924, 0.9317, 
1530, 0.8928, 0.9334, 
1531, 0.8920, 0.7740, 
1532, 0.8910, 0.7729, 
1533, 0.8897, 0.7714, 
1534, 0.8886, 0.7696, 
1535, 0.8876, 0.7674, 
1536, 0.8868, 0.7663, 
1537, 0.8862, 0.7639, 
1538, 0.8858, 0.7613, 
1539, 0.8856, 0.7586, 
1540, 0.8852, 1.0715, 
1541, 0.8846, 1.0743, 
1542, 0.8836, 1.0773, 
1543, 0.8820, 1.0805, 
1544, 0.8799, 0.8991, 
1545, 0.8775, 0.8993, 
1546, 0.8749, 0.8994, 
1547, 0.8723, 0.8993, 
1548, 0.8705, 0.8987, 
1549, 0.8690, 0.8978, 
1550, 0.8685, 0.8967, 
1551, 0.8689, 0.8953, 
1552, 0.8749, 0.8917, 
1553, 0.8775, 0.8911, 
1554, 0.8808, 0.7225, 
1555, 0.8839, 0.7197, 
1556, 0.8872, 1.0258, 
1557, 0.8908, 1.0284, 
1558, 0.8936, 1.0314, 
1559, 0.8964, 1.0328, 
1560, 0.8983, 1.0365, 
1561, 0.8998, 1.0405, 
1562, 0.9005, 1.0449, 
1563, 0.9009, 1.0492, 
1564, 0.9009, 0.8674, 
1565, 0.9011, 0.7236, 
1566, 0.9016, 0.7216, 
1567, 0.9030, 0.7193, 
1568, 0.9046, 0.7169, 
1569, 0.9074, 0.7142, 
1570, 0.9097, 0.8662, 
1571, 0.9131, 0.8658, 
1572, 0.9160, 0.8659, 
1573, 0.9193, 0.8663, 
1574, 0.9224, 0.8680, 
1575, 0.9229, 1.0063, 
1576, 0.9227, 1.0101, 
1577, 0.9213, 1.0140, 
1578, 0.9186, 1.0179, 
1579, 0.9166, 1.0198, 
1580, 0.9131, 1.0232, 
1581, 0.9093, 1.0251, 
1582, 0.9066, 1.0277, 
1583, 0.9032, 1.0299, 
1584, 0.9011, 1.0309, 
1585, 0.8998, 1.0321, 
1586, 0.8996, 1.0330, 
1587, 0.9005, 1.0332, 
1588, 0.9022, 0.8418, 
1589, 0.9051, 0.8395, 
1590, 0.9085, 0.8381, 
1591, 0.9130, 0.8362, 
1592, 0.9174, 0.8348, 
1593, 0.9211, 0.8340, 
1594, 0.9251, 0.8337, 
1595, 0.9290, 0.8333, 
1596, 0.9319, 0.9741, 
1597, 0.9342, 0.8214, 
1598, 0.9359, 0.8222, 
1599, 0.9365, 0.8227, 
1600, 0.9343, 0.8226, 
1601, 0.9319, 0.8209, 
1602, 0.9292, 0.8203, 
1603, 0.9285, 0.8197, 
1604, 0.9253, 0.8175, 
1605, 0.9221, 0.8160, 
1606, 0.9191, 0.8140, 
1607, 0.9168, 0.8120, 
1608, 0.9145, 0.8107, 
1609, 0.9126, 0.8086, 
1610, 0.9119, 0.8076, 
1611, 0.9098, 0.8053, 
1612, 0.9077, 0.7984, 
1613, 0.9054, 0.7961, 
1614, 0.9029, 0.7942, 
1615, 0.9005, 0.7920, 
1616, 0.8975, 0.7905, 
1617, 0.8972, 0.7895, 
1618, 0.8936, 0.7868, 
1619, 0.8895, 0.7840, 
1620, 0.8851, 0.7809, 
1621, 0.8805, 0.7777, 
1622, 0.8757, 0.7742, 
1623, 0.8709, 0.7706, 
1624, 0.8670, 0.7684, 
1625, 0.8661, 0.7668, 
1626, 0.8599, 0.7630, 
1627, 0.8554, 0.7586, 
1628, 0.8512, 0.7545, 
1629, 0.8470, 0.7502, 
1630, 0.8435, 0.7459, 
1631, 0.8403, 0.8895, 
1632, 0.8398, 0.8895, 
1633, 0.8359, 0.8877, 
1634, 0.8320, 0.8860, 
1635, 0.8286, 0.8841, 
1636, 0.8281, 0.8841, 
1637, 0.8245, 0.8821, 
1638, 0.8214, 0.8804, 
1639, 0.8187, 0.8786, 
1640, 0.8169, 0.8771, 
1641, 0.8157, 0.8762, 
1642, 0.8150, 0.8749, 
1643, 0.8149, 0.8743, 
1644, 0.8150, 0.8732, 
1645, 0.8156, 0.8723, 
1646, 0.8168, 0.8716, 
1647, 0.8182, 0.8710, 
1648, 0.8196, 0.8706, 
1649, 0.8211, 0.8705, 
1650, 0.8225, 0.8474, 
1651, 0.8238, 0.8469, 
1652, 0.8244, 0.8466, 
1653, 0.8256, 0.8463, 
1654, 0.8267, 0.8458, 
1655, 0.8275, 0.8454, 
1656, 0.8283, 0.8449, 
1657, 0.8290, 0.8448, 
1658, 0.8295, 0.8444, 
1659, 0.8296, 0.8442, 
1660, 0.8302, 0.8439, 
1661, 0.8308, 0.8435, 
1662, 0.8314, 0.8433, 
1663, 0.8320, 0.8431, 
1664, 0.8328, 0.8429, 
1665, 0.8330, 0.8429, 
1666, 0.8337, 0.8428, 
1667, 0.8345, 0.8427, 
1668, 0.8353, 0.8425, 
1669, 0.8360, 0.8425, 
1670, 0.8366, 0.8425, 
1671, 0.8372, 0.8424, 
1672, 0.8378, 0.8425, 
1673, 0.8380, 0.8425, 
1674, 0.8384, 0.8424, 
1675, 0.8388, 0.8424, 
1676, 0.8391, 0.8424, 
1677, 0.8394, 0.8424, 
1678, 0.8395, 0.8425, 
1679, 0.8397, 0.8425, 
1680, 0.8399, 0.8425, 
1681, 0.8401, 0.8425, 
1682, 0.8403, 0.8425, 
1683, 0.8405, 0.8426, 
1684, 0.8407, 0.8426, 
1685, 0.8408, 0.8426, 
1686, 0.8410, 0.8242, 
1687, 0.8413, 0.8240, 
1688, 0.8415, 0.8237, 
1689, 0.8417, 0.8235, 
1690, 0.8418, 0.8233, 
1691, 0.8419, 0.9645, 
1692, 0.8420, 0.9665, 
1693, 0.8420, 0.9674, 
1694, 0.8419, 0.9695, 
1695, 0.8418, 0.9716, 
1696, 0.8419, 0.9737, 
1697, 0.8423, 0.9760, 
1698, 0.8430, 0.9774, 
1699, 0.8445, 0.9800, 
1700, 0.8464, 0.9830, 
1701, 0.8492, 0.9863, 
1702, 0.8499, 0.9877, 
1703, 0.8549, 0.9914, 
1704, 0.8593, 0.9959, 
1705, 0.8642, 1.0004, 
1706, 0.8695, 1.0052, 
1707, 0.8750, 1.0103, 
1708, 0.8788, 0.8165, 
1709, 0.8832, 0.8171, 
1710, 0.8849, 0.8174, 
1711, 0.8902, 0.8189, 
1712, 0.8946, 0.8205, 
1713, 0.8989, 0.9655, 
1714, 0.8993, 0.9655, 
1715, 0.9027, 0.9689, 
1716, 0.9052, 0.9721, 
1717, 0.9069, 0.9750, 
1718, 0.9077, 0.9781, 
1719, 0.9084, 0.9797, 
1720, 0.9085, 0.9811, 
1721, 0.9091, 0.9843, 
1722, 0.9099, 0.9875, 
1723, 0.9111, 0.9908, 
1724, 0.9126, 0.9944, 
1725, 0.9147, 0.9964, 
1726, 0.9153, 0.9981, 
1727, 0.9183, 1.0024, 
1728, 0.9219, 1.0065, 
1729, 0.9260, 1.0112, 
1730, 0.9303, 0.8198, 
1731, 0.9347, 0.8207, 
1732, 0.9380, 0.8214, 
1733, 0.9384, 0.8217, 
1734, 0.9423, 0.8227, 
1735, 0.9456, 0.9645, 
1736, 0.9480, 0.9673, 
1737, 0.9495, 0.9699, 
1738, 0.9499, 0.9724, 
1739, 0.9494, 0.9746, 
1740, 0.9485, 0.9756, 
1741, 0.9469, 0.9775, 
1742, 0.9460, 0.9785, 
1743, 0.9442, 0.9802, 
1744, 0.9428, 0.9821, 
1745, 0.9418, 0.9840, 
1746, 0.9415, 0.9861, 
1747, 0.9418, 0.9884, 
1748, 0.9427, 0.9897, 
1749, 0.9429, 0.9908, 
1750, 0.9447, 0.9935, 
1751, 0.9470, 0.9965, 
1752, 0.9493, 0.9995, 
1753, 0.9501, 1.0014, 
1754, 0.9522, 0.8042, 
1755, 0.9547, 0.8039, 
1756, 0.9570, 0.9453, 
1757, 0.9586, 0.9468, 
1758, 0.9599, 0.9476, 
1759, 0.9602, 0.9489, 
1760, 0.9607, 0.9495, 
1761, 0.9607, 0.9506, 
1762, 0.9601, 0.9516, 
1763, 0.9590, 0.9525, 
1764, 0.9579, 0.9532, 
1765, 0.9567, 0.9536, 
1766, 0.9564, 0.9540, 
1767, 0.9553, 0.9546, 
1768, 0.9544, 0.9553, 
1769, 0.9539, 0.9561, 
1770, 0.9537, 0.9569, 
1771, 0.9539, 0.9579, 
1772, 0.9542, 0.9584, 
1773, 0.9548, 0.9595, 
1774, 0.9550, 0.9606, 
1775, 0.9556, 0.9610, 
1776, 0.9563, 1.0902, 
1777, 0.9569, 1.0933, 
1778, 0.9574, 0.9127, 
1779, 0.9577, 0.9127, 
1780, 0.9580, 0.9127, 
1781, 0.9582, 0.9126, 
1782, 0.9585, 0.9126, 
1783, 0.9590, 0.9126, 
1784, 0.9594, 0.9125, 
1785, 0.9598, 0.9124, 
1786, 0.9601, 0.9123, 
1787, 0.9602, 0.9122, 
1788, 0.9601, 0.9120, 
1789, 0.9600, 0.9118, 
1790, 0.9595, 0.9115, 
1791, 0.9588, 0.9110, 
1792, 0.9578, 0.9106, 
1793, 0.9576, 0.9103, 
1794, 0.9562, 0.9095, 
1795, 0.9546, 0.9086, 
1796, 0.9531, 1.0426, 
1797, 0.9514, 1.0439, 
1798, 0.9496, 1.0453, 
1799, 0.9482, 1.0459, 
1800, 0.9479, 1.0466, 
1801, 0.9467, 1.0481, 
1802, 0.9460, 1.0496, 
1803, 0.9460, 1.0513, 
1804, 0.9464, 1.0533, 
1805, 0.9476, 1.0555, 
1806, 0.9491, 0.8627, 
1807, 0.9514, 0.8618, 
1808, 0.9525, 0.8613, 
1809, 0.9555, 0.8605, 
1810, 0.9585, 0.8599, 
1811, 0.9616, 0.8593, 
1812, 0.9644, 0.8586, 
1813, 0.9665, 0.8578, 
1814, 0.9674, 0.8574, 
1815, 0.9675, 0.9955, 
1816, 0.9673, 0.9960, 
1817, 0.9660, 0.9968, 
1818, 0.9637, 0.9973, 
1819, 0.9598, 0.9976, 
1820, 0.9568, 0.9975, 
1821, 0.9539, 0.9976, 
1822, 0.9529, 0.9976, 
1823, 0.9505, 0.9980, 
1824, 0.9489, 0.9983, 
1825, 0.9484, 0.9988, 
1826, 0.9487, 0.9996, 
1827, 0.9497, 1.0007, 
1828, 0.9515, 1.0015, 
1829, 0.9519, 1.0020, 
1830, 0.9545, 1.0040, 
1831, 0.9572, 0.8093, 
1832, 0.9597, 0.8075, 
1833, 0.9622, 0.8057, 
1834, 0.9638, 0.8048, 
1835, 0.9643, 0.9464, 
1836, 0.9653, 0.9468, 
1837, 0.9653, 0.9470, 
1838, 0.9644, 0.9469, 
1839, 0.9624, 0.9466, 
1840, 0.9599, 0.9461, 
1841, 0.9571, 0.9455, 
1842, 0.9564, 0.9453, 
1843, 0.9531, 0.9440, 
1844, 0.9500, 0.9431, 
1845, 0.9474, 0.9422, 
1846, 0.9453, 0.9416, 
1847, 0.9440, 0.9408, 
1848, 0.9433, 0.9404, 
1849, 0.9432, 0.9398, 
1850, 0.9431, 0.9394, 
1851, 0.9434, 0.9392, 
1852, 0.9440, 0.9389, 
1853, 0.9447, 1.0693, 
1854, 0.9453, 1.0712, 
1855, 0.9457, 1.0732, 
1856, 0.9458, 1.0752, 
1857, 0.9457, 1.0762, 
1858, 0.9457, 1.0772, 
1859, 0.9457, 0.8913, 
1860, 0.9458, 0.8903, 
1861, 0.9465, 0.8893, 
1862, 0.9476, 0.8884, 
1863, 0.9489, 0.8877, 
1864, 0.9506, 0.8869, 
1865, 0.9525, 0.8866, 
1866, 0.9530, 0.8862, 
1867, 0.9549, 0.8856, 
1868, 0.9564, 0.8850, 
1869, 0.9571, 0.8841, 
1870, 0.9571, 0.8841, 
1871, 0.9572, 0.8831, 
1872, 0.9563, 0.8816, 
1873, 0.9546, 1.0180, 
1874, 0.9526, 1.0187, 
1875, 0.9499, 1.0192, 
1876, 0.9476, 1.0193, 
1877, 0.9468, 1.0197, 
1878, 0.9441, 1.0202, 
1879, 0.9420, 1.0207, 
1880, 0.9406, 1.0215, 
1881, 0.9403, 1.0224, 
1882, 0.9405, 1.0230, 
1883, 0.9408, 1.0236, 
1884, 0.9424, 1.0251, 
1885, 0.9447, 1.0269, 
1886, 0.9477, 0.8338, 
1887, 0.9506, 0.8326, 
1888, 0.9542, 0.8314, 
1889, 0.9569, 0.8310, 
1890, 0.9600, 0.8299, 
1891, 0.9605, 0.8290, 
1892, 0.9625, 0.9682, 
1893, 0.9633, 0.9689, 
1894, 0.9630, 0.9694, 
1895, 0.9615, 0.9696, 
1896, 0.9590, 0.9696, 
1897, 0.9581, 0.9696, 
1898, 0.9547, 0.9691, 
1899, 0.9513, 0.9687, 
1900, 0.9479, 0.9682, 
1901, 0.9451, 0.9678, 
1902, 0.9434, 0.9675, 
1903, 0.9421, 0.9675, 
1904, 0.9416, 0.9674, 
1905, 0.9416, 0.9674, 
1906, 0.9420, 0.9676, 
1907, 0.9431, 0.9682, 
1908, 0.9445, 0.9688, 
1909, 0.9457, 0.9694, 
1910, 0.9462, 0.9694, 
1911, 0.9475, 0.9701, 
1912, 0.9488, 1.0988, 
1913, 0.9495, 0.9178, 
1914, 0.9498, 0.9174, 
1915, 0.9499, 0.9172, 
1916, 0.9499, 0.9169, 
1917, 0.9497, 0.9164, 
1918, 0.9495, 0.9158, 
1919, 0.9493, 0.9152, 
1920, 0.9491, 0.9146, 
1921, 0.9490, 0.9140, 
1922, 0.9488, 0.9133, 
1923, 0.9488, 0.9130, 
1924, 0.9486, 0.9123, 
1925, 0.9484, 0.9116, 
1926, 0.9482, 0.9112, 
1927, 0.9477, 0.9104, 
1928, 0.9471, 0.9095, 
1929, 0.9463, 0.9085, 
1930, 0.9453, 1.1526, 
1931, 0.9441, 1.1569, 
1932, 0.9430, 1.1591, 
1933, 0.9428, 1.1614, 
1934, 0.9416, 1.1661, 
1935, 0.9407, 1.1710, 
1936, 0.9408, 1.1765, 
1937, 0.9418, 1.1827, 
1938, 0.9437, 1.1896, 
1939, 0.9443, 1.1932, 
1940, 0.9474, 0.8988, 
1941, 0.9547, 0.8993, 
1942, 0.9571, 0.8992, 
1943, 0.9640, 0.9017, 
1944, 0.9715, 0.9039, 
1945, 0.9782, 0.9057, 
1946, 0.9840, 0.9066, 
1947, 0.9861, 0.9072, 
1948, 0.9917, 0.9104, 
1949, 0.9956, 0.9113, 
1950, 0.9975, 0.9124, 
1951, 0.9980, 1.2088, 
1952, 0.9979, 1.2114, 
1953, 0.9967, 1.2139, 
1954, 0.9945, 1.2188, 
1955, 0.9918, 1.2237, 
1956, 0.9893, 1.2285, 
1957, 0.9878, 1.2309, 
1958, 0.9878, 1.2309, 
1959, 0.9877, 1.2335, 
1960, 0.9877, 1.2335, 
1961, 0.9877, 1.2335, 
1962, 0.9877, 1.2335, 
1963, 0.9877, 1.2335, 
1964, 0.9877, 1.2335, 
1965, 0.9877, 1.2335, 
1966, 0.9877, 1.2335, 
1967, 0.9877, 1.2335, 
1968, 0.9877, 1.2335, 
1969, 0.9877, 1.2335, 
1970, 0.9877, 1.2335, 
1971, 0.9877, 1.2335, 
1972, 0.9877, 1.2335, 
1973, 0.9877, 1.2335, 
1974, 0.9877, 1.2335, 
1975, 0.9877, 1.2335, 
1976, 0.9877, 1.2335, 
1977, 0.9877, 1.2335, 
1978, 0.9877, 1.2335, 
1979, 0.9877, 1.2335, 
1980, 0.9877, 1.2335, 
1981, 0.9877, 1.2335, 
1982, 0.9877, 1.2335, 
1983, 0.9877, 1.2335, 
1984, 0.9877, 1.2335, 
1985, 0.9877, 1.2335, 
1986, 0.9877, 1.2335, 
1987, 0.9877, 1.2335, 
1988, 0.9877, 1.2335, 
1989, 0.9877, 1.2335, 
